13644 1 
 10 
 11 
2336 1126 
3748 1128 
5596 1129 
 12 
 13 
 134 
 135 
 136 
 137 
 138 
 140 
9720 1410 
5208 1415 
5312 1421 
 14338 
 15 
 16 
 16530 
 17 
 17725 
 18 
 18194 
1260 18336 
1832 18337 
 18338 
 18339 
2052 18340 
1828 18341 
840 18342 
3644 18343 
 19 
 2 
 20 
 21 
 22 
 23 
 24 
 25 
 26 
 27 
 28 
 29 
 3 
 30 
 33 
 4 
 41 
 438 
 439 
 440 
 441 
 442 
 443 
 444 
 445 
 449 
 508 
 518 
 553 
 554 
 6 
8544 645 
10992 673 
 721 
 722 
 732 
 751 
 752 
 763 
 764 
 767 
 768 
 769 
 770 
 771 
 772 
 773 
5540 794 
2140 797 
 8 
 805 
 806 
 807 
5196 825 
4844 827 
14168 828 
12464 829 
2124 830 
6036 834 
2184 835 
24564 839 
6676 840 
3896 841 
436 843 
14868 860 
38172 861 
39356 864 
9604 867 
18636 872 
7104 882 
31160 883 
 9 
13644 1 
 10 
 11 
2336 1126 
3748 1128 
5596 1129 
 12 
 13 
 134 
 135 
 136 
 137 
 138 
 140 
9720 1410 
5208 1415 
5312 1421 
 14338 
 15 
 16 
 16530 
 17 
 17725 
 18 
 18194 
 18877 
1204 18878 
1832 18879 
 18880 -1
 18881 -1
2052 18882 
1796 18883 
788 18884 
3608 18885 
 19 
 2 
 20 
 21 
 22 
 23 
 24 
 25 
 26 
 27 
 28 
 29 
 3 
 30 
 33 
 4 
 41 
 438 
 439 
 440 
 441 
 442 
 443 
 444 
 445 
 449 
 508 
 518 
 553 
 554 
 6 
8544 645 
10992 673 
 721 
 722 
 732 
 751 
 752 
 763 
 764 
 767 
 768 
 769 
 770 
 771 
 772 
 773 
5540 794 
2140 797 
 8 
 805 
 806 
 807 
5196 825 
4844 827 
14168 828 
12464 829 
2124 830 
6036 834 
2184 835 
24564 839 
6676 840 
3896 841 
436 843 
14868 860 
38172 861 
39356 864 
9604 867 
18636 872 
7104 882 
31160 883 
 9 
